%YAML:1.0
---
intrinsic: !!opencv-matrix
   rows: 3
   cols: 3
   dt: d
   data: [ 9.4198603879494976e+02, 0., 9.5682745977678883e+02, 0.,
       9.3894601115538057e+02, 5.5122440479735110e+02, 0., 0., 1. ]
dist: !!opencv-matrix
   rows: 1
   cols: 5
   dt: d
   data: [ 4.2453805200539534e-02, 2.9880168484112957e-02,
       6.9729621065034593e-04, -9.6440364134981415e-04,
       -3.3890500887771922e-02 ]
